testing/IMG_1218.JPG
[0.33265970425882535, 0.33441585718797806, 0.3329244385531966]
[0.3325497269917751, 0.3351456844936942, 0.33230458851453065]
testing/IMG_1219.JPG
[0.3319257448166215, 0.3352174740828819, 0.3328567811004965]
[0.33192889113311475, 0.3362947553026122, 0.3317763535642729]
testing/IMG_1220.JPG
[0.3301179970763351, 0.3373539572558864, 0.3325280456677785]
[0.3293969322587494, 0.33842103448873107, 0.33218203325251955]
testing/IMG_1221.JPG
[0.32749238796324504, 0.3409439145390781, 0.33156369749767683]
[0.32253124186720344, 0.34280309614246574, 0.3346656619903308]
testing/IMG_1222.JPG
[0.3240958933976584, 0.34692363751630906, 0.32898046908603257]
[0.31504504696602326, 0.3524661143179823, 0.33248883871599444]
testing/IMG_1223.JPG
[0.30746332209266514, 0.3660947485676702, 0.3264419293396646]
[0.3696458079537203, 0.3159219022925186, 0.3144322897537611]
